NC Shooting Range (17)
TR Shooting Range (18)
VS Shooting Range (19)

1
34465
54273
61057
64449
33377
46945
60513
8545
12481
44641
6241
19809
58209
26049
39617
9089
29985
10177
37313
50881
23745
43553
57121
5153
22657
41249
2849
16417
54817
36225
2305
57665
26593
6785
33921
47489
20353
40161
53729
1761
5697
37857
64993
13025
51425
19265
32833
15873
23201
3393
30529
44097
16961
36769
50337
63905
29441
61601
9633
48033
13569
27137
40705

* All shooting ranges use the exact same list of building GUID's.
* I don't know what they are.