NC Vehicle Training Area (20)
TR Vehicle Training Area (21)
VS Vehicle Training Area (22)
1
2
3
4
5
6
7
8
9
10
11
12
13
14
15
16
17
18
19
20
21
22
23
24
25
26
27
28
29
72
73
74
75
76
77
78
79
80
11091
11092
11093
11094
11095
11100
11101
11102
11103
11104
11105
11106
11107
11109
11111
11112
11113
11114
11120
11121
45567
48959
34469
37861
3399
34466
34470
34467
37859
37862
37858
34468
37860
3397
34472
34465
37857
37864
34471
37863
3395
3398
3394
3396
3400
3393
45555
45565
45558
45568
45566
48958
48960
48950
45559
48951
48957
45569
45557
48949
48961
45571
48963
48947
45570
45578
45564
48956
48970
48962
45573
48965
45556
45575
45577
48969
48967
48948
14503
45576
48968
14495
14496
14494
14497
14487
14486
14485
14499
14493
14506
14492
14505
14501
14498
3402
34474
34473
14484
14483
37865
14504
37866
34476
3401
37868
34475
37867
3403
3404

* All vehicle training areas use the exact same list of building GUID's.
* I don't know what they are.